0.943409
0.969627
0.977368
0.967526
0.982264
0.975756
0.989409
0.986993
0.980605
0.991167
0.980605
0.984050
0.972056
0.979456
0.978365
0.997040
0.998428
0.995139
0.997410
0.997422
0.973523
-------
0.971105
0.964743
0.978834
0.972665
0.983993
0.977590
0.994254
0.980918
0.986661
0.989684
0.984444
0.987769
0.985635
0.980258
0.978164
0.995917
0.998166
0.994039
0.996794
0.996594
0.975250
-------
0.988050
0.981596
0.979454
0.983118
0.990502
0.986810
0.997322
0.991066
0.994166
0.992628
0.994448
0.995885
0.994673
0.991319
0.990136
0.996812
0.998526
0.995756
0.997420
0.997962
0.984386
-------
0.969504
0.973855
0.983540
0.041252
0.972311
0.936838
0.990530
0.983788
0.970305
0.988086
0.962681
0.974880
0.976164
0.962520
0.970289
0.995502
0.997743
0.993210
0.996173
0.996959
0.946184
-------
0.983795
0.983993
0.990051
0.972071
0.027652
0.957549
0.957197
0.994633
0.969846
0.996531
0.970079
0.951830
0.967387
0.984231
0.989944
0.998508
0.999174
0.997348
0.998531
0.998648
0.977191
-------
0.975820
0.978329
0.985992
0.933146
0.959587
0.037774
0.985010
0.988782
0.960787
0.991122
0.958148
0.968461
0.963905
0.967937
0.974454
0.996098
0.997901
0.994078
0.996748
0.997700
0.951923
-------
0.989345
0.993967
0.995857
0.991172
0.960606
0.986689
0.021008
0.996497
0.982016
0.997626
0.984572
0.967566
0.977490
0.991064
0.995226
0.999515
0.999768
0.999257
0.999455
0.999700
0.991279
-------
0.987030
0.987701
0.989685
0.982707
0.993552
0.987888
0.995640
0.960719
0.982782
0.982632
0.981142
0.984086
0.990496
0.973390
0.978459
0.996011
0.998215
0.994155
0.996910
0.997084
0.977676
-------
0.979265
0.987399
0.990784
0.970546
0.965123
0.954911
0.978383
0.981477
0.047775
0.986101
0.924731
0.917530
0.945055
0.947788
0.975013
0.997239
0.998516
0.995129
0.997561
0.998103
0.964222
-------
0.993769
0.992879
0.993085
0.989798
0.997216
0.992331
0.997626
0.983681
0.987744
0.972452
0.987675
0.989798
0.994226
0.983339
0.987379
0.996233
0.998276
0.994039
0.997379
0.997215
0.987653
-------
0.979967
0.986702
0.991066
0.962360
0.968677
0.957189
0.982546
0.980210
0.919744
0.986694
0.043322
0.936731
0.951535
0.940780
0.973337
0.997081
0.998389
0.994744
0.997253
0.997793
0.962433
-------
0.984114
0.988015
0.992559
0.973676
0.946371
0.965943
0.964997
0.985055
0.924614
0.989296
0.936731
0.036609
0.954272
0.961016
0.980295
0.997789
0.998970
0.996673
0.998046
0.998534
0.975030
-------
0.974161
0.986743
0.989966
0.974799
0.964552
0.966423
0.973945
0.991801
0.951790
0.993587
0.956210
0.958348
0.032967
0.973368
0.987811
0.998386
0.999056
0.997029
0.998248
0.998910
0.975850
-------
0.979137
0.985635
0.989713
0.961477
0.983618
0.968112
0.989750
0.975626
0.948752
0.983020
0.942970
0.960403
0.974770
0.900569
0.972930
0.996256
0.998142
0.993528
0.996975
0.997341
0.957364
-------
0.980955
0.979929
0.986782
0.965973
0.987506
0.972778
0.994515
0.978980
0.974099
0.985348
0.973235
0.981412
0.985678
0.972778
0.947537
0.994537
0.997124
0.990500
0.995521
0.995439
0.964449
-------
0.998251
0.996865
0.997450
0.996215
0.998731
0.996332
0.999392
0.996929
0.997496
0.996520
0.997502
0.998152
0.998532
0.996748
0.995841
0.993706
0.997200
0.994958
0.995698
0.996234
0.995356
-------
0.998675
0.998452
0.998425
0.997941
0.999205
0.998172
0.999644
0.998334
0.998462
0.997971
0.998318
0.998983
0.998998
0.997959
0.997575
0.997411
0.996957
0.997024
0.997015
0.997816
0.997493
-------
0.996865
0.995660
0.995689
0.993663
0.997473
0.994609
0.999007
0.994560
0.995563
0.993470
0.994502
0.996509
0.997299
0.993837
0.992361
0.994648
0.997109
0.989207
0.995400
0.995962
0.992043
-------
0.998480
0.997384
0.997970
0.996743
0.998601
0.997233
0.999561
0.997501
0.997778
0.997167
0.997672
0.998485
0.998783
0.997278
0.995859
0.994996
0.997231
0.995627
0.993809
0.995612
0.996198
-------
0.997896
0.997330
0.997553
0.996905
0.998572
0.997771
0.999520
0.997242
0.998163
0.996768
0.997695
0.998496
0.998681
0.997182
0.996256
0.995330
0.997804
0.995738
0.995450
0.993346
0.996561
-------
0.976075
0.978288
0.987233
0.944767
0.979353
0.954308
0.991875
0.978980
0.964595
0.985484
0.962433
0.976148
0.976297
0.957439
0.968360
0.994841
0.997575
0.992419
0.995642
0.996376
0.912120
-------
